
21886
1259
3328
22641
4001
2707
1035
2845
2845
2914
2776
759
30727
26313
10345
10414
3242
10414
10276
10345
10345
23470
10345
10414
10690
10345
10345
10345
10345
10345
10345
10345
2845
2845
2845
10345
2518
10345
552
828
10414
10345
621
2845
414
15417
33710
34883
11261
45537
27402
24246
20021
10122
51540
51801
106027
19158
40906
16400
33969
6432
2518
2776
2914
2845
2845
2845
10745
2845
2776
2776
2776
2776
2776
2845
2983
9105
27194
11416
2845
1794
28399
48419
9313
7605
3121
2776
2914
7829
1673
13123
6967
44262
15227
6587
41728
29434
34504
58882
61591
35488
8122
49645
41022
63901
52333
225
2932
1656
3742
2914
2914
3328
2914
31210
18678
10330
9985
7916
17367
5985
5967
5726
3035
7520
6726
13918
9174
7640
7847
34521
41830
2915
12830
11675
6295
38574
30951
41177
57385
31779
21866
28315
56715
34470
2983
6898
42744
19608
65040
2914
